3
2054.2008744862187 8001.706963554949 3095.339989034067 6726.176513673322
3468.462668962156 6521.735537213848 8409.740461290441 1629.1460404636296
3712.5157474275197 6255.976489141989 1363.3983952665642 8664.893130919689
9575.264379701162 466.8484965147692 1046.5732607111236 9035.916433968881
8544.104330457163 1436.5560136401114 8469.67457794107 1629.1117599316449
742.5100682193008 9003.72839819491 9579.698230288275 456.8371859271411
6722.019250537865 3434.4244329685794 2252.7649657612324 7731.4524572902355
3896.3739075411454 5963.677042833341 9051.78287016419 927.816593629523
4166.3139687750645 5781.549361675732 9150.638423097218 748.2940782889337
4742.935378535914 5048.847035457403 4056.769504082081 5868.270941175488
8254.984780864626 1725.6458665078098 1943.1135177764736 8044.724563405524
1086.7327687554507 8843.029360992747 8768.554878682553 1257.9384516243017
5807.96167196372 3980.872339666761 3078.9491432524587 6987.369839281632
3940.8769024326334 6222.998817069945 7569.6102956186405 2403.2081580047966
4738.672820633624 5309.4275641155145 9082.84952472621 1022.9942306193498
8926.782042344257 1176.5523563906868 9581.50720334245 375.3955410913422
9313.258509743388 777.5320215271812 1638.686986285625 8239.949762019778
2888.9668759403476 7011.755722000645 752.5400198901999 9228.535308160303
7774.508669463666 2296.410939181286 3954.4588565774657 6144.8455340785
8400.744695838448 1594.963509046623 5251.597134447726 4825.975977326463
243.07821997077642 9900.503928071807 6818.937019529335 3286.910719517905
1909.9550305490493 8108.246120126071 3911.098108454475 6183.998430080498
4280.475833662886 5797.549148806184 7321.620206627377 2820.831392970264
9596.196226979047 532.979241729313 1167.2033272082406 8847.82945884514
5270.737214286802 4768.007724792175 4663.473140944199 5269.134767385506
8760.286869140233 1330.8090625227055 3570.6147202993584 6560.822598769548
8846.575745556347 1285.7275182423707 1694.0318885265967 8231.538456841763
1486.9284862369266 8639.378134999615 2293.1109029917293 7760.4976749423495
3021.150500631252 7033.2540680056945 7856.764545042386 2036.9534641253797
1690.752030158002 8341.1523870159 9256.505534694668 773.1839616900198
8362.416045955986 1631.5964932099732 9081.104856657577 862.4614734393417
6242.10280942588 3747.2528720191603 1539.984738914478 8253.69285211049
5611.302040832072 4489.486325175215 2812.331142801832 7222.74130023037
5802.078879286408 3978.6688840796282 1506.7597377219117 8439.632784448502
1435.7318033074537 8633.737979877802 1868.4232442385796 8112.509926816931
1249.4387759081055 8884.257352123068 777.6747035945397 9096.084945226485
4711.708711933341 5234.722257974147 9094.22372707802 869.208631596982
7137.092416350378 2902.4153320304736 4569.833050583338 5369.360798047729
7653.401679129863 2291.1711497687015 5882.627475691132 3979.4666976454673
4486.9346471468425 5665.784547306056 9224.438290324637 682.4918924652278
8395.314676007489 1547.9600076112522 1548.1576922036425 8539.034643146457
1393.8079862883199 8571.814519376134 9791.912452935492 74.45062343074797
4228.26587172874 5790.358066609886 7285.117895215815 2602.9232534209173
1439.366620587089 8584.044687245432 6439.925373967105 3846.2123223849053
7578.997189574698 2535.1926156516492 7962.578855722232 1845.3582936928337
6690.583469290412 3498.0383205224643 8144.26675879759 1756.4611429559309
7361.737916526951 2789.950379591116 4194.559303199751 5771.0379482156
9634.510617326372 408.9050199665441 3333.620284883272 6747.093502437267
7648.684901562826 2367.4639602048273 2301.1983415411382 7732.732674979494
2880.1469418407337 7313.352437650253 9701.48538736279 297.75261986371953
1832.3300912913542 8030.350328950922 5907.179531059964 3959.46018409933
7545.316837832572 2445.3565173499073 8860.317726665695 1162.8209884162395
8753.182706063923 1234.0436365588494 7752.482952145264 2287.629586950045
5797.452975050765 4304.0839442978695 2476.341415664283 7451.297697909911
3769.8267086641836 6407.126819773547 6276.543480849194 3608.2930124706563
5581.016275760535 4380.248326766276 2424.438622191571 7467.942760755644
4685.310951523895 5265.619031611286 9227.866184180748 783.5907869921473
3085.131752055978 6785.876135898294 3912.0815861187393 6023.838562806132
1741.2706329160753 8230.924904261848 6212.687337192984 3651.3147568242493
9479.251659349033 529.0408068336295 2490.3982314081086 7477.605071673778
2663.968495877199 7353.9801464921775 9218.018310712763 964.1398392943292
9918.799374339504 152.75289010238868 7256.921808181091 2604.3560974256893
2351.6961551203563 7539.196132035654 7197.266466490207 2763.0181222479164
9072.967364139518 977.8506059273965 8532.992384250141 1395.4067523827775
5469.102177503164 4415.274570210626 9896.588576659871 39.634588385299985
6009.084145781245 3956.007762547537 8147.350575699595 1764.6026529181513
4582.036190166882 5443.149370566743 1257.0832239215047 8692.282103447169
6971.880176044071 3079.437494550871 9337.331930862543 620.866156021647
1281.3105133572496 8749.819980638766 7486.83681591295 2522.4191738072022
6678.095587649302 3455.74710846394 6952.170625143174 3043.903182649108
2253.3883898400504 7792.662961543447 6280.3202120686865 3734.320572191084
686.2016092281896 9450.054567407586 7930.69125448498 1973.0178366359492
4661.30760994801 5299.308261466255 4953.242959777509 4896.626646353016
2483.9069416516 7403.210870380405 5935.814885848007 4097.1475191932805
7219.228542463987 2802.0596391355975 8939.488470904773 1178.650284773747
6300.6286835393275 3699.013157153088 8551.874048904629 1328.3152782854709
5158.44678034147 4890.17409090655 6753.543661637125 3156.4013706661312
4848.1809096680445 5011.562543416842 2825.5038271178155 7200.721736545948
4394.149467673137 5701.429706636954 9734.468132608712 330.2964094101813
5070.883619744082 4942.960666986361 2642.5834921674787 7311.189991825338
7674.773664363813 2494.7196129378976 1134.9814138982636 8823.18523728003
3872.312378858653 5809.305804423948 2970.6726070308605 7128.419739392325
976.7131896526976 9119.243232124656 2430.366638721984 7615.224719027105
968.5479163776397 9069.92440147905 8328.459204798295 1784.6985734771658
3083.7923063860094 6772.242017767483 5028.282327123449 5144.194611629653
3341.984420218176 6800.038167152884 3978.0432815672066 5843.8065358975355
9270.657375087369 660.3309236765184 8309.175064460716 1842.4568367860468
1233.6252722287795 8733.351035892709 8406.970687721858 1753.3049013455345
6570.256902767967 3655.9628455696416 9766.482687003358 90.62889189981115
1029.8985890459403 9089.33151789582 2335.257645197033 7607.183336388346
446.18652648799554 9504.71942909506 790.1283082246227 9272.180311654445
9025.66895440477 1040.3294546308625 9685.453306075447 448.1093862690814
3465.761926745573 6661.096890208918 4256.984071664295 5625.050549351088
1907.339202240449 8200.321801162549 4064.317761265027 6060.326550114619
5925.741420176124 4130.266127347833 1136.2742359539905 8915.940153950014
2457.6773199031436 7353.105678948308 9166.842790863813 742.1327722985716
1199.6066965509924 8693.77143740152 4614.642406938314 5337.176827669804
4499.971346403123 5489.336493064757 1833.4566478153058 8081.6141894955135
9223.00820401519 815.6849781497112 1949.8359236045985 7933.2916684078755
9338.309094814702 584.7059028789805 1970.3403294080933 8202.08300284364
9984.40654455834 18.182509247112996 6172.649659014341 3710.1592854666096
7097.175046340231 2995.3557487003345 4484.835902195642 5333.692887660557
5117.078168195826 4979.719278724615 2077.941035186418 7960.761521506763
253.18751932522503 9678.766700026996 4509.951676913072 5496.301145725973
9802.512334035055 72.57057855282011 3490.1547774256214 6405.289834604034
3396.640625265534 6530.269879917023 8721.95663311868 1188.4378263473432
9056.805845334306 876.4224844890425 1732.8995164858002 8161.142763234848
2796.5738434192026 7159.76179097379 2354.020282306019 7819.266417899027
2159.953673022986 7793.968498328589 8402.684333524028 1635.2304443794685
1682.376960815412 8215.382881219697 3611.7816173937654 6199.842674539077
6522.953647580377 3353.282911005315 9110.967824685396 805.8868754324826
2348.4348845663203 7583.5640397693505 4661.625799719847 5253.004664507915
7598.370467138788 2418.046650117383 8660.169015936306 1451.8658339000683
4144.0331862637295 5962.494496874159 1066.31678478898 8949.027969396058
4558.463520630615 5391.610238303487 2304.2782665591044 7646.9567232190675
7210.685057795703 2933.9820206744084 9629.469543239282 363.5161794211663
2442.147043342289 7516.016038495273 2178.1357576676232 7840.687864154112
5433.191873408447 4537.941507398955 7976.143615876763 2096.000147912177
211.9455358057108 9816.838961452682 2779.3715909579037 7160.312275710302
8481.127663937017 1529.2622894322744 7850.618926768011 2069.7178701727826
736.7146039377889 9460.292218809569 4451.374412786654 5374.521158213267
2059.0280631537316 7991.817056966946 8153.153461758567 1729.3313168154748
3107.222335622385 6771.944965638449 9236.511035772111 820.3207467262786
7499.373536984366 2579.85960560059 3001.2287962160553 6969.218681731703
9881.736168358573 40.4156826974464 9171.135851921676 774.9033388458379
6725.494191715152 3301.5594706017514 4741.4763390006 5198.637845125651
1876.5207694870999 8196.067678389229 3117.7181355382354 6873.1174940818
6226.764592801282 3722.0776985172865 1774.1143033078022 8279.747690208416
921.6395385045408 9057.319837690231 4574.6732999377955 5390.390888900071
4217.927885914172 5605.000380377947 6272.352005246753 3730.3427114544334
6670.650156430711 3573.4970500427557 9554.207819390733 392.45573502251034
8407.079560640806 1498.7803673401947 7469.79449468196 2412.3816486318756
6958.712072691455 3194.8868579737714 570.6816245724738 9220.597856918253
7924.736492126022 2209.2733874699097 2022.4389232733777 7921.521011539743
2489.2548610918557 7496.695875373037 63.659455107451244 9952.05383919929
1862.5504081775869 8084.733966351134 4160.377764161172 5718.8181938080925
5699.723027476788 4178.481343984378 4185.945877910962 5842.901294460662
8616.563283671183 1259.942933493722 4831.807205489837 5143.7242050565455
538.9848662744569 9503.178439061954 5749.508297296123 4232.788410901974
4768.463091106596 5156.304300681054 833.4116942885729 9363.072926507775
4570.788667889405 5370.300338914645 3366.256704914692 6822.585502889619
9565.082133870801 368.57598105329527 2061.611370144535 7856.45113201979
7364.171059808519 2640.2335513803296 2335.1869181269126 7519.522937293521
1275.374490431351 8841.402086686903 7442.565976563247 2618.4730657694345
9408.942999892202 576.2947890208859 1666.4020584253446 8150.0496273850185
4617.330143955971 5381.510071025813 7836.189969719007 2053.8223984352185
3967.346311597169 6199.735030488146 779.0050270712201 9200.958902085804
4306.720732961728 5667.217805190374 7272.771010970267 2777.7301696659547
194.63118806386515 9921.986964313724 8877.791866379028 990.9466792667391
8316.223001595568 1722.5007613021692 2255.0866562976944 7785.0081876077675
9638.702560001811 415.19177553963146 9792.098524523797 64.83029903378208
5907.34376675444 3993.247806782437 2526.1849716468137 7581.96990641218
9792.08992779754 115.63675391445844 5131.026506122025 4863.92306945757
9681.661739750685 318.0816749937453 5714.241010868048 4382.343679442293
7743.32163102236 2225.862481016873 9034.63060839171 1160.393217775181
7975.213845461986 1915.1591810591174 2556.105457923112 7424.061590107586
4204.328780570086 5917.950168100681 8499.466104054323 1483.638724359391
3738.3800670233345 6172.401181508795 9028.34228586984 826.6268305166113
3165.7739578372525 6822.727861400342 4272.182259884141 5621.612456162317
8740.377251768876 1299.8258109331991 6657.702763985966 3341.888210216984
5275.177710058294 4734.750040467781 8666.61039801708 1278.56891003119
7401.4332658768235 2756.9887547067474 2494.0943134499576 7486.967021999511
3659.419571734212 6353.945854769894 8297.010532183573 1510.3949022444262
2836.902369481272 7207.744441988705 5827.191407892109 4191.552344207346
9359.615796134332 631.5032745401242 1672.8467021386778 8483.58494306275
8825.98714218993 1243.9070540766143 9567.887932170841 451.52075323813955
9818.50560649483 5.300801126048396 3897.6132347044145 6038.425081085009
5318.357531858374 4545.658315599826 403.8130047663137 9555.177215358452
7908.347481992195 2099.931660913305 3292.875190067081 6935.386215119048
1807.8000511982389 8152.454035672894 3334.124640229161 6787.392424273698
900.8975926997872 9051.85813643396 7653.780150081763 2381.3906235924155
2478.089956335576 7509.66823146004 3011.751818307866 7063.062168282247
8453.337085031095 1417.0045754053556 1086.8703027751658 8901.037263935956
9345.55998470747 633.8366416514174 6398.1907333687805 3579.5718165784365
6219.036474568765 3940.4282845241437 5869.065428183539 3998.4618171078446
4808.342098663587 5108.933374173543 8717.85182903409 958.0632982052662
6975.771130176893 2978.233584178879 7648.185485411135 2173.637115644054
2975.970862107495 6896.06971136177 7404.824816062647 2542.1648545873163
4351.458849296933 5602.509830194017 6405.366732668631 3507.6360595932438
9968.975258102026 67.32627246141189 6811.760601797383 3039.087030193222
5123.660204746138 5016.01806993589 6954.246657645875 3155.8748209677933
9814.37786964933 6.550275331410205 4865.971244026742 5134.220531731017
2729.0397500175 7149.186546447459 6104.332222292005 3866.753253041312
1125.8660345652543 8866.847230949936 8262.047137094622 1755.8823439491086
3411.351674774656 6744.727642911026 8919.412199886017 982.9008121689416
1122.208989493921 8943.217140979566 8941.737882964135 1077.6233610627921
8360.514221826152 1628.6856470123066 8312.150749511387 1748.9570825008602
2832.533570646811 7131.179052264007 7431.1998830042885 2366.94128020814
1113.563241441979 8973.319292681193 3169.2161983540623 6832.015025823242
4688.946209348655 5425.849143018863 7100.905216767314 2914.817588993836
3967.1007797113034 6171.011080169786 5992.834603810176 3778.7825882276497
3989.5949389773787 6132.9671978322 437.0219765431039 9652.801962352562
8770.989328311418 1145.6340925319796 6727.244181548783 3380.681334551428
1129.1556172852504 8790.469843751402 599.6114627747512 9411.434302647456
3715.0886942209545 6336.998533130811 5181.42404681592 4872.241105301009
7006.891518138182 3044.420891800736 3962.8060340335396 5918.324605924284
4788.811694406945 5231.288855596755 6001.870213569797 3915.795551393379
6010.816436290589 4195.994110355731 9911.156297232872 137.65004048440832
202.57851683761106 9869.199843858856 3912.5427494320356 6166.200822018477
8413.546232387123 1559.9648066725647 6627.165440971135 3479.5997524792997
2251.5378481484795 7586.88017688064 1229.8088552609 8785.097969711695
4242.399472323042 5661.934298612369 9487.63351325797 336.4932881694644
5682.484838280491 4218.35052155688 1476.6626048432108 8503.095875845594
5346.103072875761 4631.669540815617 6922.495589052439 3033.0924526387525
8942.683661248118 1011.7504837649903 4925.965744739521 4837.459294359117
7081.3835213968305 2973.898236816029 4880.2994148039315 5334.281929753717
5180.606620979991 4803.972511288945 4089.62808914449 5876.964931859942
7528.143907071596 2350.3154917339843 429.370809913623 9622.006524647664
687.6775374485354 9157.284607576496 3145.4363721607333 6729.862054567319
9304.019774299453 516.1219939325716 615.6808403194864 9251.624096451298
4050.4443683542 5994.465110815169 1288.1703144048784 8801.215712317562
6182.151508063825 3907.606733309856 812.5443442352351 9248.036189528824
2990.254231593554 6968.282281253556 2091.2360142360217 7915.060191130015
9698.462046334944 252.31011216901226 2594.40419193007 7567.195912259368
6381.152323116593 3510.8293645199756 3794.5476388905654 6250.305851693484
648.874476649792 9259.265394231881 2771.2192044605517 7158.0225533518915
4851.036186138846 5178.360444789054 2757.1490827318603 7219.985866237701
8112.161771181433 1913.8936888316427 2217.941150999819 7807.015902756201
561.1590984899491 9158.818921461861 5644.170000866478 4341.665143620727
7821.545241731389 2124.3593196889337 974.9038123481731 8990.664054852134
5314.997831399754 4812.363162843446 931.977972617263 9076.837602443042
2666.4505057621977 7365.573479283193 8754.70290987271 1059.4583842495913
1069.64663795695 8918.98934852729 3121.368708993888 6874.39784051593
9507.580792020884 444.65626138236627 5479.105458895283 4514.26911257239
7152.020183318987 2810.043141931511 3711.3443890290473 6349.555382220644
8105.697990030875 1902.06793054691 4738.721059760012 5185.126703250005
4078.2284808313857 5810.85877002935 1399.442105188789 8572.811322011772
9917.196317095084 105.38337814620544 4208.56867106248 5646.537463851797
4689.539860239803 5233.241509483385 262.723244285275 9734.791929505138
6824.7093065125055 3287.9569693511257 929.2948214967379 9065.677043228088
9555.378632037775 480.2595253638184 8731.386754162873 1265.245489658213
2414.6349798692777 7658.648258307395 6116.649863322228 3872.611423874021
5045.7844143051825 4740.684266227637 4058.5481893742394 6094.563532403016
1346.5505145391476 8704.584344907365 3701.879740188846 6378.129502924964
9297.726857344678 760.1073665965979 6669.025188266487 3324.7249564598505
5555.070391727048 4483.582064681303 9137.97923315921 1001.5406483312552
3435.5978545650537 6713.1888756568715 6319.978775575777 3621.0792610410963
9555.730251631185 471.75492782753116 211.24881289380497 9890.621520537243
2796.096841312688 7151.119715571521 7275.99872333768 2805.34249328301
962.9898887582436 8949.37653165528 9524.313280847302 303.1823711424739
5703.596419428736 4373.961304668659 2881.671216078155 7154.781437539486
6475.425410491056 3722.1237037762157 9173.700350874324 1077.1592931745367
5353.905487648081 4707.944471066516 830.8368956651764 9109.505561189739
8067.620022734312 1901.9356433627609 1670.2301791034654 8348.865220088159
3758.1539311449988 6098.087210173106 9212.639092827902 777.7633790814391
8858.182779463476 1296.6637328200773 7638.840938125452 2453.9132910447042
5376.2948078333 4850.203955042404 3263.699906827584 6990.362590808163
2060.4607383597413 7954.91365297896 826.0467979577128 9185.296498643362
1409.278869558812 8723.5239313792 6575.220991144138 3619.0359526830985
231.11877513481699 9807.853174955995 8807.100695326533 1155.5133225040386
3504.662265238192 6578.867412432737 7214.273589516298 2877.6815977929273
5841.65446195836 4196.1548752153585 8781.523321501874 1259.198418618275
5901.675105276915 4093.9819958631306 648.8509091496428 9295.35792951336
2606.652790443399 7449.23593448624 7868.29642564518 2130.090376125313
6898.031924144814 3002.2284888494946 4922.017658236903 5124.812377222084
4208.767369724706 5760.886157472558 2543.338802252548 7470.832957858959
7000.247696892203 2936.175054149558 25.37271228149456 9880.106289925852
1781.65268144703 8351.269321430009 8527.519824752726 1504.2223527389597
5320.597495733354 4701.56400687137 6702.806957182449 3331.503762901795
3797.9858385845537 6274.822502874293 4876.5306339844265 5053.768739026437
1057.7292969389503 8882.37277126064 4561.417764425797 5184.097878447091
6709.128423145758 3243.5857465544154 2723.0629072821334 7287.729470403578
6598.667557185192 3383.1908373967676 4270.41656224977 5694.300706938147
1150.470082391485 8789.853520369781 6050.821916392929 3948.242822663715
6687.544663993439 3324.8932132266955 3228.425850688352 6765.77257378259
344.9561487827459 9705.136905007856 6539.695542234237 3451.6348867616553
6298.468640844639 3555.0745331492344 1388.3437201481624 8664.630864339135
4463.727741564225 5698.557378350825 7045.918819478335 3220.4795947896478
8405.471998111967 1586.012966327827 4119.952853739436 5795.269243380126
7115.202206511657 2877.0052968944924 8609.298789459417 1478.6392562550009
1656.4932830145908 8554.267761818523 1962.6669739661534 8003.960558589225
7892.29018301852 2155.2136596360347 4003.531215186503 6040.139813600318
7111.818950371744 2862.0905803439223 2903.246247461518 7034.464739394906
7962.773965570363 2095.705642234198 6794.292885550408 3358.6316459084433
2693.358949022761 7321.231677615548 1435.9681783679598 8508.052565019518
4053.1839892272615 5862.145920011366 8643.201580573132 1317.2382312878933
3720.5395324936844 6196.763784930764 55.6131936790074 9841.994004974973
9856.774777700526 41.72042715943185 9142.828022358548 872.8290963992248
8053.481984597935 1955.951897216201 3081.717581315118 6996.315073488397
2903.4486453042778 7125.398801766096 1878.7848128399899 8050.514156532281
4715.481897472771 5425.2134508716745 9742.860087909587 251.06446272205372
9204.68174599587 711.8235988715484 7591.451628693639 2407.1705093177216
5603.630614627888 4411.227246382886 3306.274272411919 6742.915654436958
7658.690593496457 2382.0447936964847 344.1693988900682 9602.10831358312
927.697761594697 9138.532098248306 5696.831841338885 4261.716286251674
1066.2152886045294 8968.005845368045 5383.716052013494 4593.301143034162
329.16210781706104 9641.627964827825 2554.407464153353 7487.588227554918
911.4254834615334 9063.976885940432 8077.576396386543 1976.653544866751
3314.4957654338 6656.23036802683 1923.8252005583843 8101.971713814068
8585.525481828523 1350.0713963286228 1690.944001082742 8540.195018250664
4573.502540938946 5446.921051564722 923.9859147844021 9041.487866341395
6606.700948168516 3534.6212341803143 8075.53017038522 2000.1701091724285
2042.6770685449467 7815.734025673959 8621.407148707462 1371.155002249202
9568.063648557227 521.1669574974611 9404.113187961233 710.5536160549043
8158.180166571383 1802.9974161766581 89.24252351483584 9982.805964539002
6061.246593411572 3918.4595157319327 942.338460000694 9100.044867903163
7649.129590074282 2270.861934205107 6140.913062051214 3824.51205857579
9591.260377161765 288.17905721448983 4583.578349783534 5411.437397136697
8414.468657557389 1772.4129237274058 5634.7635672506485 4297.917352370051
8660.149267147695 1267.7397476013446 370.6708767827655 9624.011593998606
5584.7226914241855 4389.057631474047 2340.652313209044 7699.67368177369
3588.884024163888 6443.658151722968 8523.093355161891 1452.3497245805636
2675.4499656077055 7216.34078527223 6404.10551217676 3511.167925460966
422.7969442229881 9449.09886734754 7677.578102659761 2301.821102503201
7912.178489702321 1980.8284680845445 1198.5996454849712 8769.945732863036
305.69455344599993 9687.608483955584 5934.348521241588 4212.386667749453
8261.055525733389 1684.5111419536452 9956.692966761668 155.33967969850903
6078.589814186379 4050.686966346445 8466.358841650954 1481.6282465788483
3024.100084013073 6908.163325640209 6546.771756705745 3419.10022041001
5197.989347663768 4693.240410433548 7505.392936482195 2524.7189990729144
5747.398251072929 4309.517468517851 2842.6625782407923 7171.012568093342
202.88307970269918 9771.279628480113 250.14828419595833 9773.333108653262
9122.862206746304 987.2262233606091 632.6326334234544 9327.883950762734
9180.829484015641 968.1578170650907 7846.419604106245 2083.0916590765537
115.95726644949664 9890.998045404167 6523.615127561851 3539.7330315256163
5748.654221500313 4238.629472593523 6359.868022898863 3426.1118166827387
6269.269850451094 3767.154008900248 6963.011834659325 3024.841911794116
7584.724360518206 2306.739936622376 9537.768022188995 581.1374293716326
9699.1201289642 243.68430260921156 3159.9986634666902 6913.019430898823
2898.7981827847607 6914.942461203828 8240.904904870786 1647.8527372032647
8829.788043214603 1174.5409400415726 6129.924940338473 3836.789942557263
4302.319565003446 5661.434120731441 6009.285441331019 3978.1954483143495
2368.194007161543 7612.943950005156 1822.0503342534182 8299.248868044991
6813.219525748988 3314.7111877837388 7538.986221025326 2460.176472384486
8903.99092917803 1010.050025673022 7461.3892938226145 2489.073037545873
5763.639129459093 4266.111842107201 4416.592525924288 5412.074161673779
7271.3767020024525 2703.2972777690056 6762.92590763954 3357.205786758403
7286.074257676962 2393.9552146800206 358.2885206355287 9799.013406022535
7317.489488458431 2561.2402431168994 3437.915980063033 6642.607053373662
8746.228032687995 1298.7289256221502 6424.7226351391255 3534.976329610902
8121.034163094901 1924.323142253826 9573.425118085333 301.11582763952475
8992.380692535213 1170.2292872397484 5201.310314593378 4746.121512445684
830.7849555135699 9171.654564224998 7875.653258510243 2092.1812152209086
8623.314901842059 1346.1008982039639 1759.649826576216 8365.108503467602
6288.825470531857 3639.092582544627 4503.953918547252 5549.82478577702
8606.787103471235 1349.873232166884 8393.19290192409 1497.481820832166
3407.8278993645636 6774.375964164517 2307.796005553617 7683.45210581005
1529.2088468860616 8536.62687010356 9563.262675308179 298.4470030650562
2835.3260179697486 7108.383781934565 2620.2237143273146 7266.46835965839
3511.5883223278374 6470.168840048496 3261.924336340183 6922.624017323541
1905.8073044653618 7947.51485404292 7456.63291035552 2476.612747991684
6415.894399295688 3671.914580745104 5107.091932264716 5054.351672009759
1065.5525007672422 9127.599789911412 2960.9309890816207 7257.370443816816
9322.828860633681 673.3222240567092 1875.608755932006 8183.083206035359
9021.448051168396 1019.9427950361961 9237.356930111473 734.4426983714808
5487.541692474364 4396.432867730227 1876.856192029614 7893.767712544204
3714.5412642994374 6218.171345660729 1353.4119622740204 8689.20932617596
5969.085825654488 3931.078794946801 627.7360182813538 9348.347948699444
8865.846423958637 1058.3353172377526 1181.5042672439629 8812.046732783165
3969.3954827014963 5854.412768731447 1595.6257716762984 8517.419867788325
1364.88354176895 8281.566441353685 55.02336146868005 9855.121625936768
4530.267641499662 5429.71935426241 3449.133193609625 6486.895101394423
2998.6173530090355 6889.517433949639 7707.6475980564655 2234.7625689164747
2708.256944667364 7142.160537341322 7205.170386178975 2817.002845822856
1192.8668271799186 9012.76836277945 3885.7402983281613 6076.5199881047065
9585.520582396755 467.93567203664264 8945.032634752117 1222.5656286603594
7287.8827937344795 2704.427985053505 5161.711720791198 4950.385451778441
9568.524596846459 442.45404405793136 6353.794770438863 3724.023874149362
7653.629861209277 2321.761119739048 1016.2197242683127 8813.832816437649
4284.082480554535 5780.569432010019 242.44242297615338 9899.675266265773
2447.378153326564 7538.834180046754 15.034000191149806 9885.4407860898
8108.508812252976 1659.5799617369125 5421.724630033322 4705.327530843212
9201.478166192304 868.3862782770138 9067.326340006663 887.2102426276278
7860.673753268193 2190.085837361296 8829.747725071136 1067.1118905146743
3585.7050514709717 6438.234970761468 6160.040532949062 3947.437673163093
4501.483960381273 5621.6381802485985 6633.846847232262 3353.766007228355
7643.266043491325 2361.93758849821 9702.864145572397 315.3152117583662
7841.765186185809 2141.8984474814524 6202.231617167391 3838.592861192524
6643.505312774123 3397.930944842071 5709.159442665285 4232.63923046009
6192.693753350292 3927.0780943573186 3291.367590861716 6721.106354890014
9234.496811857678 648.3657916449527 7356.013559447165 2711.8698921626606
1645.8122448978215 8212.337826873065 9563.945773170757 509.80499126164653
2051.0863405598334 7963.440175305148 200.34140921527418 9883.744877568704
8261.275108526821 1777.4309341049188 660.69337403428 9430.268906123536
9116.541612679162 824.0058068120993 274.7160269327509 9670.02472211527
4818.29602225383 4964.915199276397 415.1166678339414 9568.158252178357
8462.773589044516 1584.339922724344 1638.30936263715 8385.065103727065
5961.814089191003 4012.261542146418 2564.594014929906 7409.467836695766
3193.132211142517 6669.7516073721035 4536.006865896788 5453.833018703662
5630.1614130503895 4301.410126210375 7279.019405813758 2671.2775089430133
1932.017825105938 7915.627857456116 5281.408414918689 4640.367141212437
4424.999608010724 5670.677584159642 6210.458579013553 3782.7561075417298
4050.02744871791 5880.535139729022 4206.0375995073355 5955.925973045271
8251.990016051675 1916.7714720276676 6392.003262269823 3667.015845261845
8352.034163126129 1554.9454962278137 8581.676693322135 1285.8273352477745
8995.589572363642 987.5282546872778 295.1999054471802 9671.213131621007
25.506764539416928 9919.8476205232 3292.28740663216 6749.4938313204075
9245.999919452148 651.2564136726776 6609.102908812691 3467.959730793282
9548.501383605335 572.5386357304952 3199.508521117985 6678.680571988246
2183.6547837816915 7655.095070462651 3922.1179766006735 6023.808561711043
9018.094538498024 883.2589039350155 7669.208440936261 2562.4003630721572
4592.712477185531 5445.387160227692 7345.419186861946 2626.7267303169633
5841.59769954573 4193.092548830825 9500.030832861175 573.6885468452648
5695.813557094666 4279.942273401411 6382.779744874796 3715.398683135125
1155.6638312280097 8849.642573757268 7634.301594920905 2481.793959889211
6980.873389796137 2916.497374778868 825.2006457830928 9154.84118915664
452.4011088099848 9585.54297300671 5460.063748592383 4417.838633620844
8544.925574976987 1627.7921025985363 323.7260482325328 9695.576746116858
6895.8269242226625 2996.0759088304985 4254.367683432767 5781.875775364378
5593.969314752183 4351.312684057705 2429.313060289735 7693.129111194448
3595.4296769715043 6385.622606015117 4374.287609566572 5498.632150934556
4690.455634025255 5379.378814963478 3347.5613661930133 6673.372485667268
9699.26011778487 236.41683200538282 5173.43144236836 4672.7872233005055
3106.4315663233783 6865.805323480346 5440.5285169716735 4482.688094373349
6613.85339028414 3486.230587999151 8301.985686429345 1764.714052252318
6199.473935611782 3873.5784419977986 5593.736079205788 4618.101470623867
4839.368327589642 5202.626720262676 8044.583540597418 1911.4428122257734
7128.364032492903 2906.8227460576504 8960.81644204232 1034.2647761717383
9000.649719858888 1203.4672347235505 6651.484042961348 3375.515086258475
408.01065498549013 9555.07659318198 3322.0821235461526 6712.241238633231
8471.44118397035 1583.3576034588743 2246.738224325476 7609.896163346957
5822.385453557275 4126.933082191526 301.57315155585223 9422.613000174677
3666.7346111737606 6415.240559340779 1818.1620127174772 8350.382229581459
2044.2221295709512 8100.1408109435215 1049.9065642627725 8965.983116668647
3564.2014813093765 6623.798756438224 2049.049631467015 7820.359037562137
9910.929373247749 103.39915812317652 5624.470880718766 4411.4235523034295
8298.84334945335 1765.2186025788487 6295.651270258507 3797.328372216145
3809.593775274106 6074.82767270486 7279.204946796922 2837.4620653888287
1777.4010340709478 8160.325073416124 6897.4867046984045 2990.703216595754
5816.085127676403 4169.793410896535 5142.362650051178 4740.500037858516
3172.689364624829 6879.114149585201 8174.595836826521 1897.214623058152
1377.133570322764 8552.99577121524 1355.300961260202 8582.6905427618
2908.8627754012236 7044.520282872363 6975.809517266989 3213.6316159771686
7139.828174330339 2845.096960857427 1640.4214665768059 8406.13612520288
8249.680417776774 1770.144902797003 4433.094801577882 5415.659405333977
1292.281438945486 8714.926843656987 1482.973162514684 8519.21816899801
5997.124825318634 4115.629835191153 4707.945226763342 5236.425657196046
4231.219773991188 5859.669869038685 3630.4553581835194 6350.379207735931
4938.215241437701 5075.349401586699 3942.697341785991 6007.933850538344
2753.9899388823924 7229.707693876542 6461.874311563765 3721.609914244524
8687.587822865278 1163.4217697882036 5370.508333391927 4688.160476737034
4047.9261902622334 5880.667113668038 6919.0729399172305 3013.5764592992427
341.34253404642993 9932.931981650829 4603.573387593031 5496.150933414419
6747.198381602246 3353.679342548336 6160.805943856544 3733.5603456435547
3962.815363872271 6138.0654781468775 2476.9624894685776 7547.498564104149
5054.137941068817 5022.4559482401155 876.1409358526897 9257.056152060228
4365.307094393382 5514.308777983553 1517.2273542706346 8360.790478026145
8507.662419572955 1598.4772620452245 8275.151569561687 1683.8969508685848
5835.394277089815 4309.601684848486 6092.670250142202 4031.629638814302
4371.7354673982045 5700.515633764132 8191.71200572336 1919.2448341953352
2532.2594090282055 7432.788373008749 5612.881342001246 4444.770238750187
1792.8510231851787 8231.87952119507 1414.5332718659333 8450.485267668226
8114.503313862832 1930.9532167068085 4755.82361666616 5267.064365910098
6914.2888309883665 3066.4277621121514 9425.358116590442 385.4262960222493
4648.393363681229 5389.0829350993 5934.3821939706 4140.05921531276
7044.494735861401 2973.371236341472 2835.0946746539216 7038.292727404285
4154.006455613101 5881.392747585658 8733.229089924263 1189.685440906803
6111.594588083551 4050.357974008788 3541.6528508520387 6696.340346409445
986.3345423117657 8912.79783730141 9159.206282281957 870.8627467969387
5342.771823657437 4606.726520943029 7456.340449017182 2488.733222930505
8233.88112387023 1910.7286906949143 9297.285743201412 749.7385953677218
8731.825507093454 1297.623944514116 5166.432051516917 4935.164829004621
3071.598213815781 6890.596618941577 4138.504605657005 5855.6107448287685
2482.460507631523 7585.280848004417 2440.745188895378 7512.770026606104
902.2471793795107 9132.02612656452 8335.99705591812 1618.2098057423946
4669.390423745161 5316.886409879868 4252.017823410163 5415.669161279203
9404.13798807174 562.234215913068 3293.07780931932 6644.987705696663
8974.466369918651 1081.4040551214637 8173.089362549135 1645.870565672971
3095.889524240826 6806.215961189769 2028.561644726876 7931.088791185346
1235.3413926327587 8662.660929583097 1548.26960322168 8462.063516205675
4608.747626607204 5440.721233840054 3687.0263458309605 6303.627815668179
9558.003195356132 380.5794613780957 174.4506517399776 9824.347760448005
3586.7335804629884 6289.636673949249 4160.6476522078065 5973.063117588119
5447.767711179851 4656.185571057437 9862.897129832232 210.43107305953322
5997.804490157618 3996.798161937835 8759.22511228966 1302.8295557524725
7502.574416194217 2317.0702437454815 6036.812604898116 4142.17200236945
3087.5844782062873 6921.829129473348 7502.648501664538 2538.772388980288
6134.770908650776 3740.1762707926714 9090.059131999322 882.5326626474102
9324.233552267082 597.582092071526 188.0592038518692 9816.48145288115
1109.153898397343 8803.728035929984 5153.956646874218 4756.677196321208
1680.6359740906416 8248.095988512161 9106.877951149492 952.158201218955
2683.978786114193 7395.384115610506 9061.63066837434 841.7455007510031
3271.893845130617 6630.724533064697 7141.396857262311 2750.9127908794603
6744.830413726109 3263.4177660044134 1365.6472438898236 8608.369568634398
5446.410091048345 4634.698802888465 1605.3896340831816 8425.566714246617
9247.390745374529 765.5815962217928 4033.6512510471352 6031.445611217954
3708.602024647302 6370.11778369603 9722.15364476829 250.72747422655624
5541.262625121911 4197.479536354619 137.42980674586408 9903.984634566621
4543.502491825301 5111.639630487934 9889.591548457896 158.79623913839276
5695.083745758157 4140.3316459073885 1238.2442637245535 8633.774643996489
2162.212143231151 7995.299205516939 3980.3392372902617 5988.097945452827
7821.229546847661 2098.6603973262436 2487.410158351564 7337.003775932041
6454.3223533688315 3583.9918183889677 9872.5758831826 123.1290047404357
7566.417114396654 2680.8547256265324 9488.967473939401 419.3194874938617
6041.059058346886 4010.0509713453125 115.99048966525345 9857.885827732083
3440.5194424576316 6490.238793180518 2887.856268964896 7230.701401871922
3198.0058362677873 6969.94834420567 2158.4433255019817 8071.108997158859
4457.856501153727 5436.727358777712 6314.312819751397 3564.988404184027
654.8251769375738 9300.335597807289 7969.14195608802 1999.015407858709
8688.157312760686 1266.918633739926 867.2121058046949 9104.237332466488
3786.438836515174 6026.232411272957 5993.645964783521 3975.3772046612858
8737.289094552154 1232.5500343227925 4583.819516742822 5506.62053188705
5557.639975166864 4351.915768023226 6398.737514068169 3786.4682208628274
2929.7117763976635 7080.087627908055 8540.863778937102 1269.8007362016517
5725.071913175122 4129.873036021049 1349.129203077616 8601.113737808118
9019.450166352302 837.964431226196 2125.0154623411377 8032.809632251373
274.96998218722376 9809.208930245553 5641.133981533103 4433.54313574074
633.1848476231919 9265.64938333076 8801.74656362441 1190.0995834402834
1837.9609187721192 8361.281658397958 9465.799246190354 509.37208141451896
5298.831943663217 4689.454790202433 289.15061077951293 9674.838038023345
6924.606059914449 3152.614049349696 4269.59973490978 5576.024626790779
6966.721316503092 3089.7180838524796 1383.6346945011587 8572.194806624815
1208.2186844300752 8846.778614453957 4745.590849300561 5410.421135765927
5166.197930670397 4802.858160982969 9802.810807906395 243.09616557313518
4839.961671260889 5423.985594036312 7617.143545566726 2459.699369457853
6536.700649306663 3552.2803987643924 5528.808083149817 4381.274313682719
3305.1680742242493 6812.839022510116 3020.5709224221396 6908.272461179067
5919.2720506628575 4248.687805645904 4445.4303178837345 5543.40208063997
4832.301212859416 5026.559310926359 5992.049505600744 3797.916817328097
8543.688722974675 1455.041792157679 4646.362791731254 5225.366090906193
6076.02893294197 3820.676670079267 6684.317162273364 3461.9138567578566
3228.6231361955242 6698.095454054719 1220.531840518665 8778.21414620754
1986.3520267920037 8046.110277698262 3479.975767214052 6408.962028876783
3786.7861083866687 5967.820705055448 7585.469129161346 2366.3391139335486
6781.5470469839565 3249.150247603728 8345.699131835023 1570.020129135977
1295.5983300322155 8888.982762040845 989.8741964718213 9129.06018379079
5633.002914414218 4289.295724267792 924.8690072338189 9078.970086106396
607.0379980516299 9272.954453041837 7852.589853594181 2060.444273369789
7648.224549714558 2241.2916183610555 9232.014731631638 806.9848591537389
4413.858936695264 5483.394903056744 2872.270780841108 7187.11372811
8128.057425772815 1601.2740745758306 1980.8626061758066 8025.279448121205
679.8919344744107 9156.96936404173 4296.567840143979 5723.2021077149275
8206.182730757231 1752.9828258558223 9936.197352770687 16.305385711859056
9564.37527760982 391.7090969131835 6651.65311047807 3274.6288039136675
2981.15238734606 6928.741282263349 1513.1043542946077 8651.384378979308
4129.212634092326 5931.0769365258775 1322.3894041419906 8584.05877431459
5026.671279955206 4859.196987913842 807.4958642984068 9101.964024591778
5016.7253033858915 4940.567444718947 4869.3926028831975 5140.16269008144
8785.486972715555 1137.3328468680843 4704.1307249817 5509.5113912305915
3109.8583979121076 6965.774443850848 4745.6428826290985 5288.460072793784
2748.120320660078 7210.504717636893 9314.605515122998 659.292713423312
5694.907078949953 4142.829795520689 2136.192335551912 7811.17217025996
559.7677079499139 9561.92795577872 5037.037383436343 4921.192208973287
1081.6566833074933 8922.456084463016 2077.855740157781 7876.921846318964
9245.013184307594 746.5863682282261 3815.3737665696653 6165.64806341292
3796.3766171356947 6021.532234434172 1708.6023770730726 8277.941453023648
2578.5179868811606 7141.410300058368 1811.4347590235886 8424.729270409347
7506.371216581597 2448.442954214555 8523.64305523611 1452.6919461306554
292.6098524462499 9508.118966789314 5611.947063058648 4315.249118517043
5623.777341487286 4518.8457577636045 1864.9728972974867 8021.627490266581
9325.655774592018 663.7205075006981 361.9431916375324 9640.2583532238
194.99695428229273 9762.057881327994 2496.3520689561847 7436.074209415439
1564.2929838111368 8528.319548174839 3745.9841214361163 6266.835493173728
8120.57570831728 1770.9422202630797 7119.398722376625 3026.2873495483323
3645.993959665039 6236.091018315415 642.7174489626995 9315.261724352093
17.477880317222446 9852.73150151055 6915.636322624879 3087.374753444627
8341.070699014988 1654.844194399918 9414.305545865227 601.3040075367057
1078.567704307103 9078.9060349508 1817.9672325399958 7836.758817563446
3703.061893125245 6294.883679310437 2339.2502825585807 7480.209200532973
5226.681339414194 4607.68045656995 5107.141309500146 4819.432493779525
5758.508114947168 4258.843314174433 9443.099016447026 468.01689078495156
3492.9717181708397 6561.790082041588 6144.366620837372 3773.5451435782584
2858.4044370860674 7059.110925767211 7173.448321082937 2883.8734163736895
5101.224415462066 5077.881181339595 2562.2367319162377 7405.738008935851
4951.115618089036 5072.738282948165 716.5539558880138 9388.912285101205
5054.571534191665 4951.8667230656665 7094.663952268609 2875.601896859509
9053.256092551665 943.9946987289534 1567.7300430772173 8498.959272137508
5140.488513723644 4878.261666522521 8369.479896343499 1621.8808043982945
2954.975926114473 7108.577392650567 9983.545294875827 107.70196823531826
6236.124871653269 3827.9046593591092 9435.810265022306 497.1068980089672
2812.2489878311476 7293.022634302452 5323.638010154397 4789.659970887597
8543.913260052695 1571.4231381957618 2600.2413892532686 7232.547852712152
6706.1305516467755 3508.6089885713477 5965.735994073636 4060.5729264086053
2965.003974414766 7252.228681064624 4207.18341971808 5772.745947319156
